08097161043
08125555937
08101709494
08170170553
08066408117
08038842840
08033874901
08100110150
08036944046
09062163356
08035546983
08032793119
08068575632
08033120052
07067969769
08098322400
07067023430
07031627202
08135613409
07036162026
07035861819


08061256995
08101373399
08039131592
07035951596
08091362244
07039234220
08138367176
08051050867
07068022402
08139404450
08035309275
08091434423
08143068686
07063598620
07069196875
07063005540
08052561246
07060894219
08138106355
07035308736


08065519386
07037942734
09062203103
07031616504
08036518390
07030241554
08080808022
07033745617
